7182
153
2
211 212
269 270
69 70
205 206
65 66
23 24
9 10
131 132
71 72
189 190
109 110
45 46
79 80
125 126
179 180
271 272
173 174
83 84
73 74
103 104
1 2
197 198
7 8
135 136
243 244
27 28
93 94
53 54
111 112
201 202
39 40
213 214
245 246
67 68
203 204
113 114
57 58
163 164
261 262
147 148
127 128
13 14
143 144
81 82
191 192
295 296
299 300
171 172
41 42
303 304
305 306
87 88
95 96
121 122
181 182
85 86
89 90
281 282
159 160
285 286
253 254
199 200
15 16
165 166
195 196
141 142
259 260
177 178
101 102
49 50
99 100
275 276
5 6
233 234
293 294
11 12
273 274
235 236
63 64
97 98
301 302
227 228
267 268
207 208
59 60
19 20
225 226
251 252
291 292
31 32
29 30
157 158
139 140
61 62
263 264
287 288
229 230
129 130
169 170
239 240
55 56
35 36
283 284
161 162
237 238
3 4
193 194
209 210
221 222
91 92
115 116
289 290
257 258
75 76
43 44
47 48
151 152
21 22
25 26
153 154
187 188
219 220
117 118
149 150
17 18
123 124
107 108
51 52
297 298
249 250
133 134
277 278
105 106
167 168
255 256
217 218
77 78
183 184
215 216
119 120
231 232
37 38
279 280
33 34
265 266
185 186
223 224
155 156
137 138
241 242
145 146
247 248
175 176

> 8